21802   1966  1 1 20    10      26           0.20              52   52    
21802   1966  1 1 31    10      29           0.19              55   55    
21802   1966  2 1 10    10      33           0.19              63   63    
21802   1966  2 1 20    10      34           0.20              68   68    
21802   1966  2 1 28    10      35           0.19              67   67    
21802   1966  3 1 10    10      37           0.20              74   74    
21802   1966  3 1 20    10      34           0.22              75   75    
21802   1966  3 1 31    10      36           0.22              79   79    
21802   1966  4 1 10    10      33           0.22              73   73    
21802   1966  4 1 20    10      37           0.22              81   81    
21802   1966  4 1 30    10      36                                        
21802   1966  5 1 10    10      36           0.22              79   79    
21802   1966  5 1 15    10      36           0.20              72   72    
21802   1966  5 1 20    10      39           0.21              82   82    
21802   1966  5 1 25    10      35           0.21              74   74    
21802   1966  5 1 31     9      26           0.30              78   78    
21802   1966  6 1 10    10      23           0.32              74   74    
21802   1966  9 2 20    10       2                                        
21802   1966  9 2 30    10       3                                        
21802   1966 10 2 10    10       9           0.18              16   16    
21802   1966 10 2 20    10      15           0.20              30   30    
21802   1966 10 2 31    10      18           0.21              38   38    
21802   1966 11 2 10    10      22           0.22              48   48    
21802   1966 11 2 20    10      24           0.21              50   50    
21802   1966 11 2 30    10      26           0.23              60   60    
21802   1966 12 2 10    10      25                                        
21802   1966 12 2 20    10      34                                        
21802   1966 12 2 31    10      39                                        
21802   1967  1 2 10    10      39           0.22              86   86    
21802   1967  1 2 20    10      46                                        
21802   1967  1 2 31    10      43           0.23                         
21802   1967  2 2 10    10      48           0.21             101  101    
21802   1967  2 2 20    10      49           0.21             103  103    
21802   1967  2 2 28    10      43           0.21              90   90    
21802   1967  3 2 10    10      45           0.25             112  112    
21802   1967  3 2 20    10      47           0.24             113  113    
21802   1967  3 2 31    10      54           0.21             113  113    
21802   1967  4 2 10    10      52           0.24             125  125    
21802   1967  4 2 15    10      52           0.23             120  120    
21802   1967  4 2 20    10      48           0.26             125  125    
21802   1967  4 2 25    10      47           0.25             118  118    
21802   1967  4 2 30    10      46           0.30             138  138    
21802   1967  5 2  5    10      46           0.30             138  138    
21802   1967  5 2 10    10      48           0.32             154  154    
21802   1967  5 2 15    10      35           0.32             112  112    
21802   1967  5 2 20    10      37           0.29             107  107    
21802   1967  5 2 25    10      34           0.32             109  109    
21802   1967  5 2 31    10      34           0.31             105  105    
21802   1967  6 2  5    10      30           0.32              96   96    
21802   1967 11 2 20    10      18           0.13              23   23    
21802   1967 12 2 20    10      29           0.25              73   73    
21802   1968  1 2 20    10      34           0.21              71   71    
21802   1968  2 2 10    10      34           0.24              82   82    
21802   1968  2 2 20    10      35           0.24              84   84    
21802   1968  2 2 29    10      36           0.25              90   90    
21802   1968  3 2 10    10      25           0.14              35   35    
21802   1968  3 2 20    10      36           0.21              76   76    
21802   1968  3 2 31    10      40           0.23              92   92    
21802   1968  4 2  5    10      42           0.25             105  105    
21802   1968  4 2 10    10      40           0.25             100  100    
21802   1968  4 2 15    10      43           0.25             108  108    
21802   1968  4 2 20    10      48           0.25             120  120    
21802   1968  4 2 25    10      48           0.25             120  120    
21802   1968  4 2 30    10      48           0.27             130  130    
21802   1968  5 2  5    10      56           0.24             134  134    
21802   1968  5 2 10    10      53           0.25             133  133    
21802   1968  5 2 15    10      53           0.25             133  133    
21802   1968  5 2 20    10      53           0.26             138  138    
21802   1968  5 2 25     9  2   46           0.32   2         147  149    
21802   1968  5 2 31     9  2   44           0.30   2         132  134    
21802   1968  6 2  5    10  3   42           0.20   2          84   86    
21802   1968 10 2 20    10      12           0.10              12   12    
21802   1968 11 2 20    10      17           0.13              22   22    
21802   1968 12 2 20    10      24           0.22              53   53    
21802   1969  1 2 20    10      40           0.25             100  100    
21802   1969  1 2 31    10      42           0.26             109  109    
21802   1969  2 2 10    10      40           0.26             104  104    
21802   1969  2 2 20    10      42           0.24             101  101    
21802   1969  2 2 28    10      41           0.24              98   98    
21802   1969  3 2 10    10      41           0.23              94   94    
21802   1969  3 2 20    10      42           0.24             101  101    
21802   1969  3 2 31    10      43           0.24             103  103    
21802   1969  4 2 10    10      44           0.24             106  106    
21802   1969  4 2 15    10      42           0.24             101  101    
21802   1969  4 2 20    10      44           0.24             106  106    
21802   1969  4 2 25    10      47           0.26             122  122    
21802   1969  4 2 30    10      48           0.25             120  120    
21802   1969  5 2  5    10      46           0.24             110  110    
21802   1969  5 2 10    10      46           0.25             115  115    
21802   1969  5 2 15    10      48           0.21             101  101    
21802   1969  5 2 20    10      44           0.25             110  110    
21802   1969  5 2 25    10      40           0.24              96   96    
21802   1969  9 2 20    10      14           0.23              32   32    
21802   1969 10 2 20    10       3                                        
21802   1969 11 2 20    10      12           0.13              16   16    
21802   1969 12 2 20    10      24           0.18              43   43    
21802   1970  1 2 20    10      25           0.15              38   38    
21802   1970  2 2 10    10      25           0.16              40   40    
21802   1970  2 2 20    10      26           0.17              44   44    
21802   1970  2 2 28    10      29           0.18              52   52    
21802   1970  3 2 10    10      28           0.18              50   50    
21802   1970  3 2 20    10      29           0.18              52   52    
21802   1970  3 2 31    10      35           0.18              63   63    
21802   1970  4 2 10    10      36           0.18              65   65    
21802   1970  4 2 20    10      36           0.20              72   72    
21802   1970  4 2 25    10      37           0.21              78   78    
21802   1970  4 2 30    10      37           0.21              78   78    
21802   1970  5 2  5    10      38           0.21              80   80    
21802   1970  5 2 10    10      37           0.22              81   81    
21802   1970  5 2 15    10      38           0.22              84   84    
21802   1970  5 2 20    10      31           0.26              81   81    
21802   1970  5 2 25    10      37           0.28             104  104    
21802   1970  5 2 31    10      56           0.22             123  123    
21802   1970  6 2  5    10      53           0.25             133  133    
21802   1970  6 2 10     9      48           0.33             158  158    
21802   1970  9 2  5    10      53           0.25             133  133    
21802   1970  9 2 10     9      48           0.33             158  158    
21802   1970 10 2 20    10      20           0.12              24   24    
21802   1970 11 2 20    10      23           0.17              39   39    
21802   1970 12 2 20    10      30           0.18              54   54    
21802   1971  1 2 20    10      35           0.16              56   56    
21802   1971  2 2 10    10      39           0.16              62   62    
21802   1971  2 2 20    10      38           0.16              61   61    
21802   1971  2 2 28    10      38           0.19              72   72    
21802   1971  3 2 10    10      41           0.18              74   74    
21802   1971  3 2 20    10      40           0.18              72   72    
21802   1971  3 2 31    10      41           0.18              74   74    
21802   1971  4 2 20    10      43           0.21              90   90    
21802   1971  4 2 30    10      42           0.21              88   88    
21802   1971  5 2  5    10      41           0.20              82   82    
21802   1971  5 2 10    10      48           0.22             106  106    
21802   1971  5 2 15    10      48           0.22             106  106    
21802   1971  5 2 20    10      48           0.25             120  120    
21802   1971  5 2 25    10      47           0.24             113  113    
21802   1971  5 2 31    10      41           0.26             107  107    
21802   1971  6 2  5    10      41           0.20              82   82    
21802   1971  6 2 10    10      48           0.22             106  106    
21802   1971  6 2 15    10      48           0.22             106  106    
21802   1971  6 2 20    10      48           0.25             120  120    
21802   1971  6 2 25    10      47           0.24             113  113    
21802   1971  6 2 31    10      41           0.26             107  107    
21802   1971 10 2 20    10      18           0.14              25   25    
21802   1971 11 2 20    10      25           0.17              43   43    
21802   1971 12 2 20    10      38           0.16              61   61    
21802   1972  1 2 20    10      45           0.21              95   95    
21802   1972  2 2 10    10      51           0.21             107  107    
21802   1972  2 2 20    10      50           0.19              95   95    
21802   1972  2 2 29    10      49           0.22             108  108    
21802   1972  3 2 10    10      54           0.20             108  108    
21802   1972  3 2 20    10      51           0.21             107  107    
21802   1972  3 2 31    10      53           0.19             101  101    
21802   1972  4 2 10    10      54           0.20             108  108    
21802   1972  4 2 20    10      57           0.19             108  108    
21802   1972  4 2 30    10      59           0.21             124  124    
21802   1972  5 2 10    10      61           0.18             110  110    
21802   1972  5 2 20    10      60           0.17             102  102    
21802   1972  5 2 31    10      63           0.19             120  120    
21802   1972  6 2 10     9      37           0.35             130  130    
21802   1972  9 2 10     9      37           0.35             130  130    
21802   1972 10 2 20    10      14           0.11              15   15    
21802   1972 11 2 20    10      26           0.17              44   44    
21802   1972 12 2 20    10      34           0.20              68   68    
21802   1973  1 2 10    10      35           0.19              66   66    
21802   1973  1 2 20    10      35           0.19              66   66    
21802   1973  1 2 31    10      39           0.19              74   74    
21802   1973  2 2 10    10      47           0.16              75   75    
21802   1973  2 2 20    10      47           0.18              85   85    
21802   1973  2 2 28    10      48           0.18              86   86    
21802   1973  3 2 10    10      48           0.18              86   86    
21802   1973  3 2 20    10      50           0.20             100  100    
21802   1973  3 2 31    10      51           0.21             107  107    
21802   1973  4 2 10    10      54           0.19             103  103    
21802   1973  4 2 20    10      55           0.19             104  104    
21802   1973  4 2 30    10      52           0.21             109  109    
21802   1973  5 2 10    10      54           0.20             108  108    
21802   1973  5 2 20    10      57           0.19             108  108    
21802   1973  5 2 31    10      59           0.20             118  118    
21802   1973 10 2 20    10      13           0.14              18   18    
21802   1973 11 2 20    10      15           0.15              22   22    
21802   1973 12 2 20    10      26           0.14              36   36    
21802   1974  2 2 10    10      30           0.17              51   51    
21802   1974  2 2 20    10      31           0.17              53   53    
21802   1974  2 2 28    10      33           0.17              56   56    
21802   1974  3 2 10    10      36           0.17              61   61    
21802   1974  3 2 20    10      34           0.17              58   58    
21802   1974  3 2 31    10      40           0.18              72   72    
21802   1974  4 1 10    10      40           0.18              72         
21802   1974  4 1 20    10      41           0.18              74         
21802   1974  4 1 25    10      44           0.18              79         
21802   1974  4 1 30    10      42           0.18              76         
21802   1975  1 2 20    10      46           0.19              87         
21802   1975  1 2 31    10      47           0.20              94         
21802   1975  2 2 10    10      48           0.20              96         
21802   1975  2 2 20    10      50           0.21             105         
21802   1975  2 2 28    10      49           0.21             103         
21802   1975  3 2 10    10      50           0.22             110         
21802   1975  3 2 20    10      51           0.22             112         
21802   1975  3 2 31    10      50           0.22             110         
21802   1975  4 2 10    10      52           0.22             114         
21802   1975  4 2 20    10      49           0.23             113         
21802   1975  4 2 30    10      51           0.21             107         
21802   1975 10 2 10    10      14           0.80              11         
21802   1975 10 2 20    10      14           0.14              20         
21802   1975 11 2 20    10      21           0.15              32         
21802   1975 12 2 20    10      32           0.16              51         
21802   1976  1 2 20    10      36           0.17              61   61    
21802   1976  1 2 31    10      37           0.17              63   63    
21802   1976  2 2 10    10      48           0.20              96   96    
21802   1976  2 2 20    10      50           0.20             100  100    
21802   1976  2 2 29    10      49           0.21             103  103    
21802   1976  3 2 10    10      38           0.18              68   68    
21802   1976  3 2 20    10      39           0.18              70   70    
21802   1976  3 2 31    10      39           0.18              70   70    
21802   1976  4 2 10    10      41           0.18              74   74    
21802   1976  4 2 20    10      44           0.18              79   79    
21802   1976  4 2 25    10      47           0.19              89   89    
21802   1976  4 2 30    10      49           0.19              93   93    
21802   1976  5 2  5    10      50           0.20             100  100    
21802   1976  5 2 10    10      52           0.20             104  104    
21802   1976  5 2 15    10      51           0.19              97   97    
21802   1976  5 2 20    10      50           0.18              90   90    
21802   1976  5 2 25    10      51           0.18              92   92    
21802   1976  5 2 31    10      50           0.20             100  100    
21802   1976 10 2 20    10      12           0.14              17   17    
21802   1976 11 2 20    10      20           0.13              26   26    
21802   1976 12 2 20    10      24           0.14              34   34    
21802   1977  1 2 20    10  0   31   60   12 0.14              43      1  
21802   1977  1 2 31    10  0   31   62   16 0.15              47      1  
21802   1977  2 2 20    10  0   31   62   11 0.10              31      1  
21802   1977  2 2 28    10  0   32   80   16 0.18              58      1  
21802   1977  3 2 10    10  0   33   74   17 0.18              59      1  
21802   1977  3 2 20    10  0   34   76   15 0.18              61      1  
21802   1977  3 2 31    10  0   34   57   18 0.18              61      1  
21802   1977  4 2 10    10  0   34   56   20 0.21              71      1  
21802   1977  4 2 20    10  0   34   56   20 0.21              71      1  
21802   1977  4 2 25    10  0   40   55   21 0.23              92      1  
21802   1977  4 2 30    10  8   39   55   21 0.23   4          90   93 1  
21802   1977  5 2  5    10  0   30   55   19 0.22              66      1  
21802   1977  5 2 10    10  0   33   54   13 0.23              76      1  
21802   1977  5 2 15    10 10   39   56   18 0.24   8          94  100 1  
21802   1977  5 2 20    10  0   33   50   12 0.23       2      76   78 1  
21802   1977  5 2 25     8  0   17   45    0 0.30       3      51   53 4  
21802   1977  5 2 31     4  0   11   14    0 0.18              20      4  
21802   1977  9 2 20     7  0    2    6    1                           2  
21802   1977 10 2 20    10  0   21   33   12 0.17              36      1  
21802   1977 11 2 20    10  0   28   51   11 0.16              45      1  
21802   1977 12 2 20    10  0   30   54   11 0.17              51      1  
21802   1978  1 2 20    10  0   36   51   20 0.16              58      1  
21802   1978  1 2 31    10  0   36   51   25 0.17              61      1  
21802   1978  2 2 11    10  0   34   56   17 0.20              68      1  
21802   1978  2 2 20    10  0   33   52   15 0.21              69      1  
21802   1978  2 2 28    10  0   36   54   17 0.21              76      1  
21802   1978  3 2 10    10  0   34   54   18 0.20              68      4  
21802   1978  3 2 20    10  0   40   61   18 0.20              80      4  
21802   1978  3 2 31    10  0   40   55   26 0.23              92      4  
21802   1978  4 2 10    10  0   40   58   25 0.24              96      3  
21802   1978  4 2 20    10  0   43   56   30 0.19              82      3  
21802   1978  4 2 25    10  0   43   70   23 0.20              86      3  
21802   1978  4 2 30    10  0   43   62   21 0.21              90      1  
21802   1978  5 2  5    10  0   45   63   25 0.22                      3  
21802   1978  5 2 10    10  0   44   62   29 0.21              92      3  
21802   1978  5 2 15    10  0   45   75   25 0.24             108      1  
21802   1978  5 2 20    10  0   42   64   16 0.25             105      1  
21802   1978  5 2 25    10  0   39   61   12 0.26             101      1  
21802   1978  5 2 31    10  0   30   50   11 0.30              90      5  
21802   1978  6 2  5     6  0    5   24    0            8              5  
21802   1978 10 2 20    10  0    5   10    1 0.18               9      0  
21802   1978 11 2 20    10  0   22   35   14 0.18              40      1  
21802   1978 12 2 20    10  0   22   28   13 0.19              42      1  
21802   1979  1 2 20    10  0   27   38   16 0.20              54      1  
21802   1979  1 2 31    10  0   27   41   18 0.20              54      1  
21802   1979  2 2 10    10  0   28   48   17 0.20              56      1  
21802   1979  2 2 20    10  0   28   41   18 0.21              59      1  
21802   1979  2 2 28    10  0   28   46   18 0.22              62      1  
21802   1979  3 2 10    10  0   30   46   17 0.22              66      1  
21802   1979  3 2 20    10  0   30   49   17 0.22              66      1  
21802   1979  3 2 31    10  0   30   46   17 0.22              66      1  
21802   1979  4 2 10    10  0   32   52   17 0.22              70      1  
21802   1979  4 2 20    10  0   32   52   18 0.22              70      1  
21802   1979  4 2 25    10  0   33   51   17 0.22              73      1  
21802   1979  4 2 30    10  0   33   53   18 0.22              73      1  
21802   1979  5 2  5    10  0   33   51   17 0.22              73      1  
21802   1979  5 2 10    10  0   33   50   16 0.23              76      1  
21802   1979  5 2 15    10  0   32   48   15 0.24              77      1  
21802   1979  5 2 20    10  0   38   56   21 0.25              95      1  
21802   1979  5 2 25    10  0   39   60   17 0.26             101      1  
21802   1979  5 2 31    10  0   39   58   18 0.27             105      1  
21802   1979  6 2  5    10  0   35   53   18 0.27              95      1  
21802   1979  6 2 10     8  0   17   38    2 0.29       3      49   52 5  
21802   1979 10 2 20    10      14   18    8 0.15              21      1  
21802   1979 12 2 20    10      32   44   20 0.17              54      1  
21802   1980  1 2 20    10      37   55   26 0.17              63      1  
21802   1980  1 2 31    10      39   54   24 0.17              66      1  
21802   1980  2 2 10    10      39   76   18 0.17              66      3  
21802   1980  2 2 20    10      41   66   24 0.18              74      3  
21802   1980  2 2 29    10      44   66   26 0.18              79      3  
21802   1980  3 2 10    10      44   66   28 0.19              84      3  
21802   1980  3 2 20    10      47   76   29 0.19              89      3  
21802   1980  3 2 31    10      48   72   30 0.19              91      3  
21802   1980  4 2 10    10      47   76   30 0.19              89      3  
21802   1980  4 2 20    10      47   77   25 0.19              89      3  
21802   1980  4 2 25    10      45   72   23 0.20              90      3  
21802   1980  4 2 30    10      48   74   28 0.22             106      3  
21802   1980  5 2  5    10      51   77   31 0.22             112      3  
21802   1980  5 2 10    10      50   82   28 0.23             115      3  
21802   1980  5 2 15    10      57   91   29 0.23             131      3  
21802   1980  5 2 20    10      57   93   26 0.22             125      3  
21802   1980  5 2 25    10      58   93   35 0.23             133      3  
21802   1980  5 2 31    10      55   92   31 0.25             138      3  
21802   1980  6 2  5    10      42   63   12 0.28             118      3  
21802   1980  6 2 10     9      29   58    0 0.28       2      81   83 5  
21802   1980 10 2 20    10      17   30   12 0.16              27      1  
21802   1980 11 2 20    10      29   39   18 0.19              55      1  
21802   1980 12 2 20    10      32   44   21 0.23              74      1  
21802   1981  1 2 20    10      37   55   22 0.22              81      1  
21802   1981  1 2 31    10      38   54   28 0.22              84      1  
21802   1981  2 2 10    10      38   55   29 0.23              87      1  
21802   1981  2 2 20    10      43   71   29 0.23                      1  
21802   1981  2 2 28    10      43   71   29 0.23                      1  
21802   1981  3 2 10    10      43   71   29 0.23                      1  
21802   1981  3 2 20    10      46   74   30 0.23             106      1  
21802   1981  3 2 31    10      50   84   39 0.23             115      1  
21802   1981  4 2 10    10      47   84   31 0.23             108      1  
21802   1981  4 2 20    10      40   79   30 0.27             108      1  
21802   1981  4 2 25    10      40   75   30 0.27             108      1  
21802   1981  4 2 30    10 10   50   86   28 0.27  10         135  143 3  
21802   1981  5 2  5    10      50   86   29 0.27             135      3  
21802   1981  5 2 10    10      48   86   23 0.27             130      3  
21802   1981  5 2 15    10      48   85   21 0.27             130      3  
21802   1981  5 2 20    10      45   78   26 0.27             122      3  
21802   1981  5 2 25    10      46   78   26 0.27             124      3  
21802   1981  5 2 31    10      45   72   26 0.28             126      3  
21802   1981  6 2  5    10      42   80   15 0.28             118      5  
21802   1981  6 2 10     6      20   46    0 0.30       5      60   64 5  
21802   1981 10 2 20    10      23   35   16 0.15              35      1  
21802   1981 11 2 20    10      38   51   28 0.18              68      1  
21802   1981 12 2 20    10      41   68   31 0.20              82      3  
21802   1982  1 2 20    10      45   73   29 0.22                      2  
21802   1982  1 2 31    10      46   73   28 0.22             101      3  
21802   1982  2 2 10    10      48   76   38 0.22             106      3  
21802   1982  2 2 20    10      48   76   38 0.22             106      3  
21802   1982  2 2 28    10      49   79   39 0.23             113      1  
21802   1982  3 2 10    10      48   79   30 0.23             110      1  
21802   1982  3 2 20    10      49   76   31 0.23             113      1  
21802   1982  3 2 31    10      50   80   30 0.23             115      1  
21802   1982  4 2 10    10      50   84   35 0.23             115      1  
21802   1982  4 2 20    10      48   90   33 0.24             115      1  
21802   1982  4 2 25    10      48   90   33 0.24             115      1  
21802   1982  4 2 30    10      50   86   31 0.24             120      1  
21802   1982  5 2  5    10      50   86   31 0.24             120      1  
21802   1982  5 2 10    10      50   88   33 0.24             120      1  
21802   1982  5 2 15    10      50   88   33 0.24             120      1  
21802   1982  5 2 20    10      49   87   31 0.24             118      1  
21802   1982  5 2 25    10      48   85   25 0.26             125      1  
21802   1982  5 2 31    10      47   83   24 0.27             127      1  
21802   1982  6 2  5    10      45   79   21 0.27             122      1  
21802   1982  6 2 10    10      39   70   18 0.27             105      1  
21802   1982  6 2 15     8      14   30    0 0.27       5      38   42 5  
21802   1982 10 2 20    10      19   31   10 0.17              32      1  
21802   1982 11 2 20    10      20   32   13 0.18              36      1  
21802   1982 12 2 20    10      32   52   15 0.19              61      3  
21802   1983  1 2 20    10      36   54   25 0.22              79      3  
21802   1983  1 2 31    10      36   55   26 0.22              79      1  
21802   1983  2 2 10    10      40   68   24 0.22              88      1  
21802   1983  2 2 20    10      41   69   26 0.23              94      1  
21802   1983  2 2 28    10      42   73   36 0.23              97      1  
21802   1983  3 2 10    10      44   68   31 0.23             101      1  
21802   1983  3 2 20    10      44   69   33 0.23             101      1  
21802   1983  3 2 31    10      45   73   30 0.23             104      1  
21802   1983  4 2 10    10      45   70   28 0.23             104      1  
21802   1983  4 2 20    10      44   78   30 0.23             101      1  
21802   1983  4 2 30    10      45   79   32 0.23             104      1  
21802   1983  5 2  5    10      44   68   31 0.23             101      1  
21802   1983  5 2 10    10      43   68   23 0.24             103      1  
21802   1983  5 2 15    10      42   69   25 0.24             101      1  
21802   1983  5 2 20    10      34   60   15 0.24       1      82   82 5  
21802   1983  5 2 25     8      15   43    0 0.26       3      39   41 5  
21802   1983  5 2 31     7      11   40    0 0.24              26      5  
21802   1983 10 2 20    10       5    7    4 0.16               8      0  
21802   1983 11 2 20    10      18   35   12 0.17              31      1  
21802   1983 12 2 20    10      34   51   26 0.19              65      1  
21802   1984  1 2 20    10      40   63   26 0.19              76      1  
21802   1984  1 2 31    10      40   64   27 0.19              76      1  
21802   1984  2 2 10    10      40   64   28 0.20              80      1  
21802   1984  2 2 20    10      43   68   34 0.20              86      1  
21802   1984  2 2 29    10      43   68   37 0.20              86      1  
21802   1984  3 2 10    10      46   72   35 0.20              92      1  
21802   1984  3 2 20    10      46   73   35 0.20              92      1  
21802   1984  3 2 31    10      43   64   30 0.21              90      1  
21802   1984  4 2 10    10      42   72   25 0.21              88      1  
21802   1984  4 2 20    10      47   73   30 0.22             103      1  
21802   1984  4 2 25    10      45   74   30 0.22                      1  
21802   1984  4 2 30    10      41   66   31 0.22              90      1  
21802   1984  5 2  5    10      41   67   27 0.22              90      1  
21802   1984  5 2 10    10      39   64   28 0.23              90      1  
21802   1984  5 2 15    10      47   70   29 0.22             103      1  
21802   1984  5 2 20    10      44   67   31 0.22              97      1  
21802   1984  5 2 25    10      42   65   20 0.23              97      1  
21802   1984  5 2 31     9      35   52    0 0.25              88      5  
21802   1984  6 2  5     9      31   47    0 0.27              84      5  
21802   1984 10 2 20    10      17   24   12 0.16              27      1  
21802   1984 11 2 20    10      30   42   18 0.16              48      1  
21802   1984 12 2 20    10      34   59   15 0.20              68      3  
21802   1985  1 2 20    10      36   60   13 0.21              76   76 6 7
21802   1985  1 2 31    10      36   62   15 0.22              79   79 6 7
21802   1985  2 2 10    10      38   64   16 0.22              84   84 6 7
21802   1985  2 2 20    10      38   65   18 0.23              87   87 3 7
21802   1985  2 2 28    10      40   67   16 0.23              92   92 3 7
21802   1985  3 2 10    10      40   89   16 0.24              96   96 6 6
21802   1985  3 2 20    10      42   90   18 0.24             101  101 6 6
21802   1985  3 2 31    10      41   72   19 0.25             103  103 6 6
21802   1985  4 2 10    10      42   83   18 0.25             105  105 6 6
21802   1985  4 2 20    10      42   82   16 0.26             109  109 6 6
21802   1985  4 2 25    10      42   82   15 0.26             109  109 6 6
21802   1985  4 2 30    10      40   71   15 0.27             108  108 6 6
21802   1985  5 2  5    10      39   72   11 0.27             105  105 6 6
21802   1985  5 2 10    10      38   70   12 0.28             106  106 6 6
21802   1985  5 2 15    10      39   72   10 0.28             109  109 6 6
21802   1985  5 2 21    10      60  114   32 0.23             138  138 6 6
21802   1985  5 2 25    10      59  101   33 0.25             148  148 6 4
21802   1985  5 2 31    10      48   89    5 0.31             149  149 6 5
21802   1985  6 2  5     9      35   90      0.30       6      87  135 9 9
21802   1985 10 2 20    10      13   23    3 0.13              17   17 0 1
21802   1985 11 2 20    10      28   40   18 0.16              45   45 3 4
21802   1985 12 2 20    10      35   56   22 0.17              60   60 3 4
21802   1986  1 2 20    10      38   62   21 0.18              68   68 3 4
21802   1986  1 2 31    10      41   71   20 0.18              74   74 3 4
21802   1986  2 2 10    10      41   70   17 0.19              78   78 3 4
21802   1986  2 2 20    10      39   80   18 0.20              78   78 3 4
21802   1986  2 2 28    10      41   70   18 0.20              82   82 3 7
21802   1986  3 2 10    10      42   79   17 0.20              84   84 3 6
21802   1986  3 2 20    10      43   78   18 0.20              86   86 3 6
21802   1986  3 2 31    10      45   75   20 0.21              95   95 3 6
21802   1986  4 2 10    10      45   76   19 0.21              95   95 3 4
21802   1986  4 2 20    10      46   75   17 0.21              97   97 3 6
21802   1986  4 2 25    10      46   81   24 0.22             101  101 3 6
21802   1986  4 2 30    10      60  100   30 0.20             120  120 6 1
21802   1986  5 2  5    10      60  102   30 0.21             126  126 6 1
21802   1986  5 2 10    10      60  103   29 0.21             126  126 6 4
21802   1986  5 2 15    10      55  100   27 0.23             127  127 3 4
21802   1986  5 2 20    10      46   81   18 0.27             124  124 3 5
21802   1986  5 2 25     8      15   49      0.80      15       0  120 9 9
21802   1986  5 2 31    10      19   51    3 0.21       2  1   34   60 3 9
21802   1986  6 2  5    10      22   48    2 0.28              62   62 3 2
21802   1986  6 2 10     8      15   50      0.45              68   68 9 5
21802   1986 10 2 20    10      13   25    3 0.14              18   18 3 1
21802   1986 11 2 20    10      23   32   10 0.17              39   39 3 1
21802   1986 12 2 20    10      36   64   16 0.18              65   65 3 1
21802   1987  1 2 20    10      39   67   19 0.18              70   70 3 3
21802   1987  1 2 31    10      40   68   20 0.18              72   72 3 4
21802   1987  2 2 10    10      40   66   20 0.18              72   72 3 4
21802   1987  2 2 20    10      39   60   20 0.18              70   70 3 4
21802   1987  2 2 28    10      37   63   19 0.19              70   70 3 4
21802   1987  3 2 10    10      38   61   17 0.19              72   72 3 4
21802   1987  3 2 20    10      38   67   18 0.19              72   72 3 4
21802   1987  3 2 31    10      38   68   15 0.19              72   72 3 4
21802   1987  4 2 10    10      37   65   14 0.19              70   70 3 4
21802   1987  4 2 20    10      36   64   19 0.19              68   68 3 4
21802   1987  4 2 25    10      35   65   15 0.20              70   70 3 4
21802   1987  4 2 30    10      35   60   19 0.21              74   74 3 4
21802   1987  5 2  5    10      38   71   18 0.20              76   76 3 4
21802   1987  5 2 10    10      49   70   30 0.16              78   78 3 1
21802   1987  5 2 15    10      49   71   31 0.16              78   78 3 1
21802   1987  5 2 20    10      49   72   30 0.16              78   78 3 4
21802   1987  5 2 25    10      38   69   17 0.20              76   76 3 4
21802   1987  5 2 31    10      36   70   18 0.21              76   76 3 4
21802   1987  6 2  5    10      35   69   20 0.22              77   77 3 4
21802   1987  6 2 10     9      25   54      0.25              63   63 9 5
21802   1987 10 2 20    10      18   26    5 0.12              22   22 3 1
21802   1987 11 2 20    10      22   31    7 0.16              35   35 3 3
21802   1987 12 2 20    10      30   49   14 0.20              60   60 3 4
21802   1988  1 2 20    10      35   71   11 0.22              77   77 3 4
21802   1988  1 2 31    10      41   78   18 0.21              86   86 3 4
21802   1988  2 2 10    10      40   76   20 0.21              84   84 3 4
21802   1988  2 2 20    10      40   70   25 0.22              88   88 3 4
21802   1988  2 2 29    10      35   84   14 0.25              88   88 6 4
21802   1988  3 2 10    10      34   64   10 0.27              92   92 6 4
21802   1988  3 2 20    10      34   68    9 0.27              92   92 6 4
21802   1988  3 2 31    10      35   71   10 0.27              95   95 6 4
21802   1988  4 2 10    10      35   87   14 0.27              95   95 6 4
21802   1988  4 2 20    10      40   85   20 0.27             108  108 6 4
21802   1988  4 2 25    10      48  101   18 0.25             120  120 6 4
21802   1988  4 2 30    10      53   92   20 0.24             127  127 6 4
21802   1988  5 2  5    10      47   87   20 0.27             127  127 6 4
21802   1988  5 2 10    10      45   80   20 0.28             126  126 6 4
21802   1988  5 2 15    10      44   78   18 0.29             128  128 6 4
21802   1988  5 2 20    10      39   77   14 0.29             113  113 6 4
21802   1988  5 2 25    10      37   75   10 0.29             107  107 6 5
21802   1988 10 2 20    10      11   22    1 0.13              14   14 3 1
21802   1988 11 2 20    10      19   46    2 0.18              34   34 3 3
21802   1988 12 2 20    10      20   43    7 0.18              36   36 3 3
21802   1989  1 2 20    10      25   58    8 0.20              50   50 3 3
21802   1989  1 2 31    10      27   59   10 0.20              54   54 3 3
21802   1989  2 2 10    10      27   60    6 0.21              57   57 3 3
21802   1989  2 2 20    10      28   60   11 0.21              59   59 3 3
21802   1989  2 2 28    10      29   60   12 0.21              61   61 3 3
21802   1989  3 2 10    10      31   60   15 0.21              65   65 3 3
21802   1989  3 2 20    10      33   60   17 0.22              73   73 3 3
21802   1989  3 2 31    10      35   61   20 0.23              81   81 3 3
21802   1989  4 2 10    10      37   92   20 0.23              85   85 3 4
21802   1989  4 2 20    10      37   91   14 0.24              89   89 3 4
21802   1989  4 2 25    10      37   92   15 0.24              89   89 3 4
21802   1989  4 2 30    10      37   68   16 0.24              89   89 3 4
21802   1989  5 2  5    10      35   75   16 0.25              88   88 3 4
21802   1989  5 2 10    10      35   72   10 0.25              88   88 3 4
21802   1989  5 2 15     9      25   57      0.28              70   70 9 5
21802   1989  5 2 20     9      23   58      0.29              67   67 9 5
21802   1989  5 2 25     9      22   60      0.29              64   64 9 5
21802   1989  5 2 31     8      18   55      0.29              52   52 9 5
21802   1989  6 2  5     9      12   29      0.28              34   34 9 5
21802   1989 10 2 20    10      17   28    3 0.14              24   24 0 1
21802   1989 11 2 20    10      21   35   10 0.16              34   34 0 3
21802   1989 12 2 20    10      25   40    6 0.17              43   43 3 3
21802   1990  1 2 20    10      28   49   12 0.19              53   53 3 3
21802   1990  1 2 31    10      28   50   11 0.20              56   56 3 3
21802   1990  2 2 10    10      30   52   13 0.20              60   60 3 3
21802   1990  2 2 20    10      32   50   15 0.20              64   64 3 3
21802   1990  2 2 28    10      34   60   17 0.19              65   65 3 3
21802   1990  3 2 10    10      33   64   12 0.21              69   69 3 3
21802   1990  3 2 20    10      31   58    8 0.23              71   71 3 4
21802   1990  3 2 31    10      41   66   19 0.21              86   86 3 4
21802   1990  4 2 10    10      41   81   15 0.22              90   90 3 4
21802   1990  4 2 20    10      44   86   20 0.23             101  101 3 4
21802   1990  4 2 25    10      46   90   18 0.23             106  106 3 4
21802   1990  4 2 30    10      51  119   17 0.23             117  117 3 4
21802   1990  5 2  5    10      44   80   10 0.26             114  114 3 4
21802   1990  5 2 10    10      43   84    7 0.27             116  116 3 4
21802   1990  5 2 15    10  8   23   64    2 0.29  10          64   72 3 7
21802   1990  5 2 20     9      23   58      0.30              69   69 9 5
21802   1990  5 2 25     9      18   54      0.32              58   58 9 5
21802   1990 10 2 20    10      20   29   10 0.14              28   28 0 1
21802   1990 11 2 20    10      25   48   14 0.15              38   38 0 1
21802   1990 12 2 20    10      27   50   12 0.17              46   46 3 3
21802   1991  1 2 20    10      30   53   15 0.18              54   54 3 3
21802   1991  1 2 31    10      33   61   14 0.19              63   63 3 3
21802   1991  2 2 10    10      33   64   18 0.19              63   63 3 3
21802   1991  2 2 20    10      34   65   13 0.19              65   65 3 3
21802   1991  2 2 28    10      37   68   18 0.19              70   70 3 3
21802   1991  3 2 10    10      36   67   17 0.20              72   72 3 3
21802   1991  3 2 20    10      37   67   16 0.20              74   74 3 3
21802   1991  3 2 31    10      41   81    3 0.20              82   82 3 4
21802   1991  4 2 10    10      42   88    5 0.21              88   88 3 4
21802   1991  4 2 20    10      45   89   16 0.25             113  113 3 7
21802   1991  4 2 25    10      45   90   15 0.25             113  113 3 7
21802   1991  4 2 30    10      45   91   15 0.25             113  113 3 7
21802   1991  5 2  5    10      45   90   16 0.25             113  113 3 7
21802   1991  5 2 10    10      44   92   18 0.25             110  110 3 7
21802   1991  5 2 15    10      43   91   15 0.25             108  108 3 7
21802   1991  5 2 20    10      43   90   13 0.25             108  108 3 7
21802   1991  5 2 25     9      32   66      0.26              83   83 9 5
21802   1991 10 2 20     8       3    6                                9 0
21802   1991 11 2 20    10      11   17    5 0.14              15   15 0 1
21802   1991 12 2 20    10      17   38    5 0.15              26   26 3 3
21802   1992  1 2 20    10      24   52   10 0.19              46   46 3 3
21802   1992  1 2 31    10      23   49   12 0.20              46   46 3 3
21802   1992  2 2 10    10      23   50   12 0.20              46   46 3 3
21802   1992  2 2 20    10      23   50   11 0.20              46   46 3 3
21802   1992  2 2 29    10      24   51   13 0.20              48   48 3 3
21802   1992  3 2 10    10      26   52   14 0.20              52   52 3 3
21802   1992  3 2 20    10      39   65   21 0.17              66   66 3 1
21802   1992  3 2 31    10      37   62   19 0.18              67   67 3 3
21802   1992  4 2 10    10      35   60   23 0.20              70   70 3 3
21802   1992  4 2 20    10      33   64   14 0.22              73   73 3 3
21802   1992  4 2 25    10      33   66   12 0.23              76   76 3 3
21802   1992  4 2 30    10      34   58   18 0.23              78   78 3 3
21802   1992  5 2  5    10      34   58   16 0.23              78   78 3 3
21802   1992  5 2 10    10      30   51   10 0.24              72   72 3 4
21802   1992  5 2 15    10      28   49   10 0.24              67   67 3 3
21802   1992  5 2 20    10      30   53    8 0.25              75   75 3 3
21802   1992  5 2 25    10      25   46    8 0.26              65   65 3 4
21802   1992  5 2 31     9      22   65      0.28              62   62 9 5
21802   1992  6 2  5     8      15   29      0.30              45   45 9 5
21802   1992 10 2 20    10      12   18   10 0.15              18   18 0 1
21802   1992 11 2 20    10      22   32   14 0.16              35   35 0 3
21802   1992 12 2 20    10      25   38   19 0.16              40   40 0 3
21802   1993  1 2 20    10      35   60   20 0.18              63   63 3 3
21802   1993  1 2 31    10      35   59   19 0.18              63   63 3 3
21802   1993  2 2 10    10      35   46   18 0.18              63   63 3 3
21802   1993  2 2 20    10      36   64   15 0.19              68   68 3 3
21802   1993  2 2 28    10      36   65   17 0.19              68   68 3 3
21802   1993  3 2 10    10      35   68   16 0.20              70   70 3 3
21802   1993  3 2 20    10      36   64   15 0.21              76   76 3 3
21802   1993  3 2 31    10      47   97   28 0.22             103  103 3 6
21802   1993  4 2 10    10      52  100   32 0.22             114  114 3 6
21802   1993  4 2 20    10      39   68   16 0.21              82   82 3 6
21802   1993  4 2 25    10      43   70   23 0.22              95   95 3 3
21802   1993  4 2 30    10      43   90   14 0.22              95   95 3 3
21802   1993  5 2 10    10      54   94   30 0.22             119  119 3 3
21802   1993  5 2 15    10      51   91   29 0.22             112  112 3 3
21802   1993  5 2 20    10      45   80   22 0.24             108  108 3 5
21802   1993 10 2 20    10      13   15   10 0.14              18   18 0 1
21802   1993 11 2 20    10      17   20   10 0.16              27   27 0 1
21802   1993 12 2 20    10      21   29   14 0.19              40   40 0 3
21802   1994  1 2 20    10      30   48   16 0.21              63   63 3 4
21802   1994  1 2 31    10      30   51   17 0.22              66   66 3 4
21802   1994  2 2 10    10      33   54   18 0.22              73   73 3 4
21802   1994  2 2 20    10      34   55   16 0.22              75   75 3 4
21802   1994  2 2 28    10      36   55   17 0.22              79   79 3 4
21802   1994  3 2 10    10      38   57   20 0.23              87   87 3 4
21802   1994  3 2 20    10      40   60   21 0.23              92   92 3 4
21802   1994  3 2 31    10      40   68   20 0.23              92   92 3 4
21802   1994  4 2 20    10      44   85   20 0.23             101  101 3 3
21802   1994  4 2 25    10      44   81   23 0.23             101  101 3 3
21802   1994  4 2 30    10      44   90   14 0.23             101  101 3 3
21802   1994  5 2 10    10      40   74   19 0.23              92   92 3 4
21802   1994  5 2 15    10      44   81   20 0.23             101  101 3 4
21802   1994  5 2 20    10      44   73   22 0.24             106  106 3 4
21802   1994  5 2 25    10      25   46    8 0.25              63   63 3 5
21802   1994  5 2 31    10      12   28    0 0.25              30   30 3 5
21802   1994 10 2 20    10      10   17    3 0.14              14   14 0 1
21802   1994 11 2 20    10      18   26    8 0.16              29   29 3 1
21802   1994 12 2 20    10      30   82   13 0.20              60   60 3 3
21802   1995  1 2 20    10      37   82   16 0.20              74   74 3 4
21802   1995  1 2 31    10      37   82   18 0.20              74   74 3 4
21802   1995  2 2 10    10      38   85   19 0.20              76   76 3 4
21802   1995  2 2 20    10      39   83   18 0.20              78   78 3 4
21802   1995  2 2 28    10      39   82   20 0.20              78   78 3 4
21802   1995  3 2 10    10      40   86   24 0.20              80   80 3 4
21802   1995  3 2 20    10      40   85   17 0.20              80   80 3 4
21802   1995  3 2 31    10      40   85   20 0.20              80   80 3 4
21802   1995  4 2 10    10      41   85   25 0.20              82   82 3 4
21802   1995  4 2 20    10      41   87   24 0.20              82   82 3 4
21802   1995  4 2 25    10      41   85   24 0.20              82   82 3 4
21802   1995  4 2 30    10      41   86   22 0.20              82   82 3 4
21802   1995  5 2  5    10      42   84   21 0.20              84   84 3 4
21802   1995  5 2 10    10      42   85   22 0.20              84   84 3 4
21802   1995  5 2 15    10      42   83   18 0.25             105  105 3 4
21802   1995  5 2 20    10      42   80   17 0.25             105  105 3 4
21802   1995  5 2 25    10      39   72   15 0.26             101  101 3 5
21802   1995  5 2 31    10      34   63   10 0.26              88   88 3 5
21802   1995 10 2 20    10      22   52    6 0.14              31   31 3 1
21802   1995 11 2 20    10      25   57    9 0.16              40   40 3 3
21802   1995 12 2 20    10      34   68   11 0.16              54   54 6 4
21802   1996  1 2 20    10      37   73   15 0.21              78   78 3 4
21802   1996  1 2 31    10      37   72   14 0.21              78   78 3 4
21802   1996  2 2 10    10      39   70   19 0.22              86   86 3 4
21802   1996  2 2 20    10      38   66   18 0.23              87   87 3 4
21802   1996  2 2 29    10      42   93   20 0.24             101  101 3 4
21802   1996  3 2 10    10      40   95   18 0.26             104  104 3 4
21802   1996  3 2 20    10      44   90   18 0.26             114  114 3 4
21802   1996  3 2 31    10      43   90   18 0.26             112  112 3 4
21802   1996  4 2 10    10      44   85   19 0.28             123  123 3 4
21802   1996  4 2 20    10      42   85   13 0.28             118  118 3 4
21802   1996  4 2 25    10      41   80   12 0.28             115  115 3 4
21802   1996  4 2 30    10      40   79   11 0.28             112  112 3 4
21802   1996  5 2  5    10      38   78    9 0.28             106  106 3 4
21802   1996  5 2 10    10      38   78    6 0.28             106  106 3 4
21802   1996  5 2 15    10      40   71   11 0.28             112  112 3 4
21802   1996  5 2 20    10      39   70   11 0.29             113  113 3 7
21802   1996  5 2 25    10      38   71    9 0.29             110  110 3 7
21802   1996  5 2 31    10      37   71    6 0.29             107  107 3 8
21802   1996  6 2  5    10      36   70    5 0.29             104  104 3 8
21802   1996  6 2 10    10      35   69    4 0.29             102  102 3 8
21802   1996  6 2 15    10      37   71    4 0.30             111  111 3 8
21802   1996  6 2 20    10      39   75    6 0.30             117  117 3 8
21802   1996  6 2 25    10      34   69    1 0.29              99   99 3 8
21802   1996 11 2 20    10      16   20   13 0.15              24   24 0 1
21802   1996 12 2 20    10      29   60    6 0.15              44   44 3 3
21802   1997  1 2 20    10      30   39   21 0.16              48   48 0 3
21802   1997  1 2 31    10      30   39   20 0.17              51   51 0 3
21802   1997  2 2 10    10      30   52   10 0.17              51   51 0 4
21802   1997  2 2 20    10      30   56    9 0.17              51   51 0 4
21802   1997  2 2 28    10      30   60   10 0.18              54   54 0 4
21802   1997  3 2 10    10      31   62    9 0.18              56   56 0 4
21802   1997  3 2 20    10      31   60   10 0.19              59   59 0 4
21802   1997  3 2 31    10      33   64   11 0.19              63   63 0 4
21802   1997  4 2 10    10      34   65   11 0.19              65   65 3 4
21802   1997  4 2 20    10      28   60   10 0.25              70   70 3 4
21802   1997  4 2 25    10      28   59   10 0.25              70   70 3 4
21802   1997  4 2 30    10      28   60   10 0.26              73   73 3 4
21802   1997 10 2 20    10      15   24    3 0.12              18   18 3 1
21802   1997 11 2 20    10      30   48    7 0.13              39   39 3 3
21802   1997 12 2 20    10      33   50   10 0.15              50   50 3 3
21802   1998  1 2 20    10      35   48   10 0.17              60   60 3 3
21802   1998  1 2 31    10      40   52   12 0.18              72   72 3 3
21802   1998  2 2 10    10      33   62   17 0.17              56   56 3 4
21802   1998  2 2 20    10      36   65   19 0.17              61   61 3 4
21802   1998  2 2 28    10      37   66   20 0.17              63   63 3 4
21802   1998  3 2 10    10      38   60   14 0.17              65   65 3 3
21802   1998  3 2 20    10      40   61   16 0.18              72   72 3 3
21802   1998  3 2 31    10      41   68   18 0.18              74   74 3 3
21802   1998  4 2 10    10      50   85   27 0.17              85   85 3 3
21802   1998  4 2 20    10      52   85   30 0.17              88   88 3 4
21802   1998  4 2 25    10      51   83   30 0.18              92   92 3 4
21802   1998  4 2 30    10      52   85   30 0.18              94   94 3 4
21802   1998  5 2  5    10      52   82   21 0.18              94   94 3 4
21802   1998  5 2 10    10      53   83   21 0.19             101  101 3 4
21802   1998  5 2 15    10      54   86   25 0.19             103  103 3 4
21802   1998  5 2 20    10      56   90   25 0.19             106  106 3 4
21802   1998  5 2 25    10      54   88   23 0.21             113  113 3 5
21802   1998  5 2 31    10      54   87   22 0.21             113  113 3 5
21802   1998  6 2  5    10      43   68   18 0.20              86   86 3 5
21802   1998  6 2 10    10      30   50   14 0.20              60   60 3 5
21802   1998 10 2 20    10      13   17    9 0.14              18   18 0 1
21802   1998 11 2 20    10      20   25   12 0.14              28   28 0 1
21802   1998 12 2 20    10      23   36    9 0.14              32   32 3 3
21802   1999  1 2 20    10      28   40   16 0.18              50   50 3 1
21802   1999  1 2 31    10      30   41   21 0.20              60   60 3 1
21802   1999  2 2 10    10      30   43   20 0.20              60   60 3 3
21802   1999  2 2 20    10      35   53   18 0.21              74   74 3 3
21802   1999  2 2 28    10      35   50   26 0.22              77   77 3 3
21802   1999  3 2 10    10      35   53   22 0.22              77   77 3 3
21802   1999  3 2 20    10      36   52   24 0.24              86   86 3 3
21802   1999  3 2 31    10      36   54   26 0.24              86   86 3 3
21802   1999  4 2 10    10      36   53   25 0.26              94   94 3 4
21802   1999  4 2 20    10      38   55   27 0.27             103  103 3 4
21802   1999  4 2 25    10      38   53   29 0.27             103  103 3 4
21802   1999  4 2 30    10      39   58   30 0.24              94   94 3 4
21802   1999  5 2  5    10      39   55   28 0.27             105  105 3 4
21802   1999  5 2 10    10      39   57   26 0.28             109  109 3 4
21802   1999  5 2 15    10      39   57   30 0.28             109  109 3 4
21802   1999  5 2 20    10      37   55   28 0.25              93   93 3 5
21802   1999  5 2 31    10      30   39   20 0.25              75   75 3 5
21802   1999 10 2 20    10      29   43   17 0.13              38   38 3 1
21802   1999 11 2 20    10      30   43   20 0.14              42   42 3 1
21802   1999 12 2 20    10      36   49   26 0.15              54   54 3 3
21802   2000  1 2 20    10      36   50   26 0.15              54   54 3 3
21802   2000  1 2 31    10      37   52   23 0.16              59   59 3 3
21802   2000  2 2 10    10      37   51   24 0.16              59   59 3 3
21802   2000  2 2 20    10      38   52   26 0.16              61   61 3 3
21802   2000  2 2 29    10      39   53   27 0.16              62   62 3 3
21802   2000  3 2 10    10      38   52   24 0.18              68   68 3 3
21802   2000  3 2 20    10      38   52   29 0.18              68   68 3 3
21802   2000  3 2 31    10      38   53   30 0.20              76   76 3 3
21802   2000  4 2 10    10      38   65   18 0.20              76   76 3 3
21802   2000  4 2 20    10      37   60   18 0.20              74   74 3 3
21802   2000  4 2 25    10      41   71   20 0.21              86   86 3 5
21802   2000  4 2 30    10 10   40   70   15 0.19   7          74   80 3 3
21802   2000  5 2  5    10 10   37   56   13 0.26   7          94  100 3 7
21802   2000  5 2 10    10 10   42   75   25 0.26   7         107  113 3 7
21802   2000  5 2 15    10  7   44   64   24 0.24  10         103  111 3 8
21802   2000  5 2 20    10 10   40   59   23 0.30   8         117  123 3 5
21802   2000  5 2 25    10      35   50   18 0.27      31      11  259 3 9
21802   2000  5 2 31    10      14   23    3 0.32              45   45 3 9
21802   2000 10 2 20    10      20   30   11 0.28              56   56 3 1
21802   2000 11 2 20    10      24   35   11 0.24              58   58 3 1
21802   2000 12 2 20    10      29   45   10 0.30              87   87 3 3
21802   2001  1 2 20    10  3   31   50   10 0.26   4          81   84 5 7
21802   2001  1 2 31    10  3   31   50   10 0.26   4          81   84 5 7
21802   2001  2 2 10    10      34   55   12 0.20              68   68 3 3
21802   2001  2 2 20    10      34   52   19 0.20              68   68 3 4
21802   2001  2 2 28    10      34   54   17 0.21              71   71 3 3
21802   2001  3 2 10    10      36   55   14 0.29             104  104 3 4
21802   2001  3 2 20    10      37   56   15 0.31             115  115 3 4
21802   2001  3 2 31    10      38   68   15 0.32             122  122 3 4
21802   2001  4 2 10    10      36   62   23 0.26              94   94 3 4
21802   2001  4 2 20    10      36   63   24 0.26              94   94 3 4
21802   2001  4 2 25    10      38   63   24 0.27             103  103 3 4
21802   2001  4 2 30    10      39   63   25 0.29             113  113 3 4
21802   2001  5 2  5    10      39   65   24 0.39             152  152 3 4
21802   2001  5 2 10    10      39   64   23 0.39             152  152 3 4
21802   2001  5 2 15    10      36   60   20 0.40             144  144 3 4
21802   2001  5 2 20    10      35   63   20 0.42             147  147 3 4
21802   2001  5 2 25    10      30   51   15 0.38             114  114 3 5
21802   2001  5 2 31    10      24   45   15 0.29              70   70 3 5
21802   2001 10 2 20    10       2    3    0                           0 0
21802   2001 11 2 20    10      13   15   12 0.15              20   20 0 1
21802   2001 12 2 20    10      30   36   20 0.21              63   63 3 1
21802   2002  1 2 20    10      32   40   24 0.22              70   70 3 3
21802   2002  1 2 31    10      33   42   26 0.22              73   73 3 3
21802   2002  2 2 10    10      35   47   28 0.23              81   81 3 3
21802   2002  2 2 20    10      36   49   30 0.24              86   86 3 3
21802   2002  2 2 28    10      37   49   31 0.24              89   89 3 3
21802   2002  3 2 10    10      38   57   20 0.25              95   95 3 4
21802   2002  3 2 20    10      43   62   22 0.24             103  103 3 4
21802   2002  3 2 31    10      46   67   25 0.24             110  110 3 4
21802   2002  4 2 10    10      46   69   20 0.26             120  120 3 4
21802   2002  4 2 20    10      50   71   24 0.26             130  130 3 4
21802   2002  4 2 25    10      50   71   26 0.26             130  130 3 4
21802   2002  4 2 30    10      51   74   28 0.27             138  138 3 4
21802   2002  5 2  5    10      50   72   26 0.27             135  135 3 5
21802   2002  5 2 10    10  4   49  112   27 0.28   2         137  139 3 7
21802   2002  5 2 15    10  4   49  112   27 0.28   2         137  139 3 7
21802   2002  5 2 20    10      55  120   34 0.26             143  143 3 4
21802   2002  5 2 25    10      69  125   33 0.24             166  166 6 4
21802   2002  5 2 31    10      53  110   16 0.28             148  148 6 5
21802   2002 10 2 20    10      10   15    7 0.19              19   19 0 1
21802   2002 11 2 20    10      25   34   17 0.17              43   43 0 1
21802   2002 12 2 20    10      33   41   25 0.19              63   63 3 3
21802   2003  1 2 20    10      33   49   23 0.20              66   66 3 3
21802   2003  1 2 31    10      36   53   27 0.21              76   76 3 3
21802   2003  2 2 10    10      36   53   28 0.21              76   76 3 3
21802   2003  2 2 20    10      36   52   27 0.21              76   76 3 3
21802   2003  2 2 28    10      36   53   28 0.21              76   76 3 3
21802   2003  3 2 10    10      36   53   26 0.21              76   76 3 3
21802   2003  3 2 20    10      37   55   20 0.22              81   81 3 3
21802   2003  3 2 31    10      39   56   23 0.22              86   86 3 3
21802   2003  4 2 10    10      46   66   33 0.23             106  106 3 3
21802   2003  4 2 20    10      50   71   37 0.25             125  125 3 3
21802   2003  4 2 25    10      50   72   38 0.26             130  130 3 3
21802   2003  4 2 30    10      50   73   40 0.26             130  130 3 3
21802   2003  5 2  5    10      52   75   42 0.26             135  135 3 3
21802   2003  5 2 10    10      45   61   36 0.28             126  126 3 5
21802   2003  5 2 15     9      26   45   26 0.32              83   83 9 4
21802   2003  5 2 20     9      24   40      0.33              79   79 9 4
21802   2003  5 2 25     6      15   34      0.33              50   50 9 5
21802   2003 10 2 20    10      11   15    9 0.19              21   21 0 1
21802   2003 11 2 20    10      22   28   17 0.20              44   44 3 1
21802   2003 12 2 20    10      34   40   29 0.26              88   88 3 4
21802   2004  1 2 20    10      37   45   30 0.29             107  107 3 4
21802   2004  1 2 31    10      41   57   32 0.29             119  119 3 4
21802   2004  2 2 10    10      41   57   32 0.29             119  119 3 4
21802   2004  2 2 20    10      41   57   32 0.29             119  119 3 4
21802   2004  2 2 29    10      41   57   32 0.29             119  119 3 4
21802   2004  3 2 10    10      41   59   34 0.29             119  119 3 4
21802   2004  3 2 20    10      43   60   38 0.29             125  125 3 4
21802   2004  3 2 31    10      45   62   40 0.28             126  126 1 1
21802   2004  4 2 10    10      48   65   44 0.28             134  134 3 4
21802   2004  4 2 20    10      51   67   48 0.28             143  143 3 4
21802   2004  4 2 25    10      52   68   49 0.28             146  146 3 4
21802   2004  4 2 30    10      53   69   50 0.28             148  148 3 4
21802   2004  5 2  5    10      52   63   46 0.29             151  151 3 4
21802   2004  5 2 10    10      51   66   45 0.29             148  148 3 4
21802   2004  5 2 15    10      51   64   46 0.29             148  148 3 4
21802   2004  5 2 20    10      52   65   45 0.29             151  151 3 4
21802   2004  5 2 25    10      50   64   43 0.29             145  145 3 4
21802   2004  5 2 31     9      49   52   47 0.29             142  142 3 4
21802   2004  6 2  5     9      37   44   32 0.29             107  107 3 2
21802   2004  6 2 10     8      26   32   22 0.20              52   52 3 8
21802   2004  6 2 15     6      15   18   14 0.16              24   24 0 8
21802   2004 10 2 20    10      25   34   17 0.21              53   53 0 1
21802   2004 11 2 20    10      33   41   26 0.19              63   63 3 1
21802   2004 12 2 20    10      37   43   29                           3 3
21802   2005  1 2 20    10      39   44   31 0.24              94   94 0 4
21802   2005  1 2 31    10      42   47   36 0.25             105  105 0 4
21802   2005  2 2 10    10      43   51   37 0.25             108  108 3 4
21802   2005  2 2 20    10      47   57   38 0.25             118  118 3 4
21802   2005  2 2 28    10      50   62   39 0.25             125  125 3 4
21802   2005  3 2 10    10      51   67   39 0.25             128  128 3 4
21802   2005  3 2 20    10      52   69   36 0.26             135  135 3 4
21802   2005  3 2 31    10      54   70   39 0.27             146  146 3 4
21802   2005  4 2 10    10      54   70   39 0.27             146  146 3 4
21802   2005  4 2 20    10      54   65   32 0.27             146  146 3 4
21802   2005  4 2 25    10      50   63   30 0.28             140  140 3 4
21802   2005  4 2 30    10      48   62   29 0.28             134  134 3 4
21802   2005  5 2  5    10      46   60   30 0.28             129  129 3 4
21802   2005  5 2 10    10      43   59   25 0.28             120  120 3 4
21802   2005  5 2 15    10      42   53   23 0.28             118  118 3 4
21802   2005  5 2 20    10      32   50   10 0.27              86   86 3 4
21802   2005  5 2 25    10      35   70    5 0.26              91   91 3 2
21802   2005  5 2 31    10      34   69    3 0.27              92   92 3 2
21802   2005 10 2 20    10      10   12    2 0.19              19   19 0 1
21802   2005 11 2 20    10      25   34   17 0.17              43   43 3 1
21802   2005 12 2 20    10      30   38   23 0.17              51   51 3 4
21802   2006  1 2 20    10      43   61   30 0.18              77   77 3 4
21802   2006  1 2 31    10      44   63   32 0.21              92   92 3 4
21802   2006  2 2 10    10      46   63   35 0.22             101  101 3 4
21802   2006  2 2 20    10      47   63   36 0.23             108  108 3 4
21802   2006  2 2 28    10      47   63   37 0.24             113  113 3 4
21802   2006  3 2 10    10      47   63   37 0.26             122  122 3 4
21802   2006  3 2 20    10      47   63   37 0.26             122  122 3 4
21802   2006  3 2 31    10      49   67   37 0.26             127  127 3 4
21802   2006  4 2 10    10      49   67   37 0.25             123  123 3 4
21802   2006  4 2 20    10      49   67   37 0.25             123  123 3 4
21802   2006  4 2 25    10      49   67   37 0.25             123  123 3 4
21802   2006  4 2 30    10      49   67   37 0.25             123  123 3 4
21802   2006  5 2  5    10      49   66   36 0.26             127  127 3 4
21802   2006  5 2 10    10      49   66   35 0.26             127  127 3 4
21802   2006  5 2 15    10      48   64   28 0.27             130  130 3 4
21802   2006  5 2 20    10      45   63   19 0.28             126  126 3 5
21802   2006  5 2 25    10      39   53   13 0.28             109  109 3 5
21802   2006  5 2 31    10      33   45   12 0.29              96   96 3 5
21802   2006 10 2 20    10      10   13    7 0.17              17   17 0 1
21802   2006 11 2 20    10      38   48   30 0.12              46   46 0 1
21802   2006 12 2 20    10      38   48   30 0.12              46   46 0 1
21802   2007  1 2 20    10      43   52   35 0.14              60   60 0 3
21802   2007  1 2 31    10      45   53   37 0.16              72   72 0 3
21802   2007  2 2 10    10      48   56   30 0.16              77   77 3 4
21802   2007  2 2 20    10      49   57   30 0.16              78   78 3 4
21802   2007  2 2 28    10      49   57   30 0.16              78   78 3 4
21802   2007  3 2 10    10      49   60   30 0.16              78   78 3 4
21802   2007  3 2 20    10      49   65   30 0.16              78   78 3 4
21802   2007  3 2 31    10      49   69   30 0.17              83   83 3 4
21802   2007  4 2 10    10      51   69   31 0.20             102  102 3 4
21802   2007  4 2 20    10      50   65   31 0.21             105  105 3 4
21802   2007  4 2 25    10      49   63   31 0.21             103  103 3 4
21802   2007  4 2 30    10      48   64   30 0.22             106  106 3 4
21802   2007  5 2  5    10      52   64   34 0.22             114  114 3 4
21802   2007  5 2 10    10      67   92   40 0.22             147  147 3 4
21802   2007  5 2 15    10      66   89   42 0.22             145  145 3 4
21802   2007  5 2 20    10      68   95   41 0.22             150  150 3 4
21802   2007  5 2 25    10      61   81   33 0.22             134  134 3 5
21802   2007  5 2 31    10      56   73   31 0.23             129  129 3 5
21802   2007  9 2 30    10       9   13    5 0.13              12   12 1 1
21802   2007 10 2 20    10      10   14    8 0.13              13   13 0 1
21802   2007 11 2 20    10      15   24   10 0.15              23   23 3 4
21802   2007 12 2 20    10      16   24   12 0.15              24   24 3 4
21802   2008  1 2 20    10      26   36   21 0.16              42   42 3 1
21802   2008  2 2 10    10      28   36   24 0.17              48   48 3 3
21802   2008  2 2 20    10      35   42   30 0.19              67   67 3 4
21802   2008  2 2 29    10      35   42   30 0.19              67   67 3 4
21802   2008  3 2 10    10      35   41   30 0.19              67   67 3 4
21802   2008  3 2 20    10      37   44   33 0.19              70   70 3 4
21802   2008  3 2 31    10      41   44   30 0.19              78   78 3 2
21802   2008  4 2 10    10      59   92   34 0.18             106  106 6 3
21802   2008  4 2 20    10      58   91   33 0.19             110  110 6 3
21802   2008  4 2 25    10      58   91   33 0.19             110  110 6 3
21802   2008  4 2 30    10      58   91   33 0.19             110  110 6 3
21802   2008  5 2  5     9      53   73   18 0.20             106  106 6 5
21802   2008  5 2 10     9      53   73   18 0.20             106  106 6 5
21802   2008  5 2 15    10      55   75   20 0.20             110  110 6 3
21802   2008  5 2 20    10      55   75   20 0.20             110  110 6 3
21802   2008 10 2 20    10      17   29   10 0.19              32   32 0 0
21802   2008 11 2 20    10      27   38   19 0.11              30   30 0 3
21802   2008 12 2 20    10      29   39   20 0.12              35   35 0 3
21802   2009  1 2 20    10      41   63   28 0.14              57   57 3 4
21802   2009  1 2 31    10      42   63   30 0.15              63   63 3 4
21802   2009  2 2 10    10      42   63   30 0.15              63   63 3 4
21802   2009  2 2 20    10      45   64   33 0.15              68   68 3 1
21802   2009  2 2 28    10      49   68   39 0.15              74   74 3 4
21802   2009  3 2 10    10      49   68   39 0.16              78   78 3 4
21802   2009  3 2 20    10      52   68   30 0.16              83   83 3 1
21802   2009  3 2 31    10      56   71   48 0.19             106  106 3 1
21802   2009  4 2 10    10      58   71   50 0.20             116  116 3 1
21802   2009  4 2 20    10      60   76   46 0.21             126  126 3 1
21802   2009  4 2 25    10      55   79   31 0.22             121  121 3 4
21802   2009  4 2 30    10      52   83   28 0.22             114  114 3 4
21802   2009  5 2 15    10      55   82   29 0.20             110  110 3 2
21802   2009  5 2 20    10      59   85   35 0.17             100  100 3 2
21802   2009 10 2 20    10      10   14    6 0.09               9    9 0 3
21802   2009 11 2 20    10      27   38   19 0.12              32   32 3 4
21802   2009 12 2 20    10      29   39   20 0.12              35   35 3 4
21802   2010  1 2 20    10      41   84   14 0.14              57   57 3 4
21802   2010  1 2 31    10      42   86   15 0.15              63   63 3 4
21802   2010  2 2 10    10      43   86   16 0.15              65   65 3 4
21802   2010  2 2 20    10      43   86   16 0.17              73   73 3 4
21802   2010  3 2 10    10      61  110   28 0.18             110  110 3 4
21802   2010  3 2 20    10      61  110   28 0.18             110  110 3 4
21802   2010  3 2 31    10      61  110   28 0.18             110  110 3 4
21802   2010  4 2 10    10      64  109   27 0.19             122  122 3 4
21802   2010  4 2 20    10      64  109   27 0.20             128  128 3 4
21802   2010  4 2 25    10      64  109   27 0.20             128  128 3 4
21802   2010  4 2 30    10      64  109   27 0.20             128  128 3 4
21802   2010  5 2  5    10      60  105   22 0.27             162  162 3 4
21802   2010  5 2 10    10      58  101   20 0.28             162  162 5 5
21802   2010  5 2 15    10      34   67    8 0.29              99   99 5 5
21802   2010  5 2 20    10      18   45    1 0.29              52   52 5 5
21802   2010 10 2 20    10      10   13    6 0.06          6    2   62 0 1
21802   2010 11 2 20    10      25   29   21 0.15              38   38 0 1
21802   2010 12 2 20    10      30   35   26 0.16              48   48 0 4
21802   2011  1 2 20    10      36   48   30 0.18              65   65 3 3
21802   2011  1 2 31    10      43   65   35 0.17              73   73 6 7
21802   2011  2 2 10    10      45   70   38 0.17              77   77 3 3
21802   2011  2 2 20    10      47   72   41 0.17              80   80 3 3
21802   2011  2 2 28    10      47   72   41 0.17              80   80 3 3
21802   2011  3 2 10    10      47   73   39 0.17              80   80 3 3
21802   2011  3 2 20    10      50   75   42 0.19              95   95 3 3
21802   2011  3 2 31    10      50   75   42 0.19              95   95 3 3
21802   2011  4 2 10    10      50   75   42 0.19              95   95 3 3
21802   2011  4 2 20    10      50   75   42 0.20             100  100 3 4
21802   2011  4 2 25    10      35   60   27 0.23              81   81 5 5
21802   2011  4 2 30    10      31   55   20 0.26              81   81 5 4
21802   2011  5 2  5    10      32   54   20 0.27              86   86 5 7
21802   2011  5 2 10    10      34   57   22 0.29              99   99 5 7
21802   2011  5 2 15    10      28   52   16 0.26              73   73 5 7
21802   2011  5 2 20    10      20   45    9 0.23              46   46 9 9
21802   2011  5 2 25     8       8   32      0.11               9    9 9 9
21802   2011 10 2 31    10      15   23    8 0.05               8    8 0 1
21802   2011 11 2 20    10      18   26   11 0.10              18   18 3 3
21802   2012  1 2 20    10      38   60   10 0.14              53   53 0 0
21802   2012  1 2 31    10      42   62   15 0.15              63   63 0 0
21802   2012  2 2 10    10      42   62   15 0.15              63   63 3 3
21802   2012  2 2 20    10      43   70   15 0.18              77   77 0 0
21802   2012  2 2 29    10      43   70   15 0.18              77   77 3 3
21802   2012  3 2 10    10      45   72   18 0.18              81   81 6 0
21802   2012  3 2 20    10      45   72   18 0.19              86   86 6 3
21802   2012  3 2 31    10      45   72   18 0.19              86   86 6 3
21802   2012  4 2 10    10      45   72   18 0.19              86   86 3 4
21802   2012  4 2 20    10      45   72   18 0.19              86   86 3 4
21802   2012  4 2 25    10      47   73   20 0.21              99   99 3 1
21802   2012  4 2 30    10      47   73   20 0.21              99   99 3 1
21802   2012  5 2  5    10      45   71   19 0.22              99   99 3 5
21802   2012  5 2 10    10      39   63   14 0.24              94   94 3 0
21802   2012  5 2 15    10      27   51    4 0.24              65   65 9 9
21802   2012  5 2 20    10      15   40    0 0.27              41   41 9 9
21802   2012  5 2 25     6       5   25      0.27              14   14 9 9
21802   2012 10 2 20    10      10   17    3 0.09               9    9 0 1
21802   2012 11 2 20    10      17   33    6 0.10              17   17 3 3
21802   2012 12 2 20    10      18   27    6 0.10              18   18 3 4
21802   2013  1 2 20    10      18   36    7 0.11              20   20 3 4
21802   2013  1 2 31    10      18   36    7 0.11              20   20 3 4
21802   2013  2 2 10    10      20   34    8 0.11              22   22 3 4
21802   2013  2 2 20    10      20   33    7 0.11              22   22 3 4
21802   2013  3 2 10    10      20   32    6 0.12              24   24 3 4
21802   2013  3 2 20    10      20   30    8 0.13              26   26 3 4
21802   2013  3 2 31    10      22   32    9 0.13              29   29 3 4
21802   2013  4 2  5    10      19   29    8 0.14              27   27 3 4
21802   2013  4 2 10    10      19   29    8 0.14              27   27 3 4
21802   2013  4 2 15    10      19   28    8 0.14              27   27 3 4
21802   2013  4 2 20    10      19   29    9 0.14              27   27 3 4
21802   2013  4 2 25    10      19   27    8 0.14              27   27 3 4
21802   2013  4 2 30    10      19   31    8 0.15              29   29 3 4
21802   2013  5 2  5    10      17   25    5 0.14              24   24 9 9
21802   2013  5 2 10     8      12   20      0.13              16   16 9 9
21802   2013  5 2 15     7       9   14      0.13              12   12 9 9
21802   2013  5 2 20     5       4   11                                9 9
21802   2013 10 2 20    10      11   18    3 0.09              10   10 0 1
21802   2013 11 2 20    10      21   34    8 0.10              21   21 3 3
21802   2013 12 2 20    10      18   33    7 0.11              20   20 3 4
21802   2014  1 2 20    10      17   34    6 0.11              19   19 3 4
21802   2014  1 2 31    10      17   35    6 0.11              19   19 3 4
21802   2014  2 2 10    10      18   36    7 0.11              20   20 3 4
21802   2014  2 2 20    10      18   35    7 0.11              20   20 3 4
21802   2014  2 2 28    10      18   33    6 0.11              20   20 3 4
21802   2014  3 2 10    10      18   33    5 0.11              20   20 3 4
21802   2014  3 2 20    10      20   35    8 0.11              22   22 3 4
21802   2014  3 2 31    10      21   28    8 0.11              23   23 3 1
21802   2014  4 2  5    10      21   34   12 0.12              25   25 3 0
21802   2014  4 2 10    10      18   27    8 0.15              27   27 3 4
21802   2014  4 2 15    10      16   23    6 0.17              27   27 3 4
21802   2014  4 2 20    10      17   26    7 0.17              29   29 3 4
21802   2014  4 2 25    10      18   27    8 0.17              31   31 3 4
21802   2014  4 2 30    10      16   23    7 0.19              30   30 3 4
21802   2014  5 2  5    10      17   25    7 0.20              34   34 6 4
21802   2014  5 2 10    10      17   25    5 0.20              34   34 6 4
21802   2014  5 2 15    10      15   20    4 0.21              32   32 6 4
21802   2014  5 2 20    10      16   21    6 0.21              34   34 6 4
21802   2014 10 2 20    10      10   18    4 0.15              15   15 0 1
21802   2014 11 2 20    10      17   27    6 0.13              22   22 3 3
21802   2015  1 2 20                                                      
21802   2015  1 2 31                                                      
21802   2015  3 2 10                                                      
21802   2015  3 2 20                                                      
21802   2015  3 2 31                                                      
21802   2015  4 2 10    10      17   35    9 0.13      22          170 3 4
21802   2015  4 2 20    10      17   35    9 0.13      22          170 3 4
21802   2015  4 2 30    10      17   27    8 0.11      19          151 3 1
21802   2015  5 2  5    10      16   25    7 0.20              32   32 3 5
21802   2015  5 2 10    10      15   26    6 0.21              32   32 3 5
21802   2015  5 2 15    10      22   37   13 0.26              57   57 5 4
21802   2015  5 2 20    10      18   28   10 0.25              45   45 5 4
21802   2015  5 2 25    10      18   20   10 0.25              45   45 5 4
21802   2015  5 2 30    10      12   17    6 0.25              30   30 5 5
21802   2015 10 2 27    10      11   16    8 0.24              26   26 2 1
21802   2015 11 2 20    10      15   18   10 0.11              17   17 2 1
21802   2015 12 2 20    10      16   20   12 0.11              18   18 3 3
21802   2016  1 2 20                                                      
21802   2016  1 2 31                                                      
21802   2016  2 2 10    10      37   44   23 0.17         63       587 6 1
21802   2016  2 2 20    10      39   44   25 0.17         66       615 6 1
21802   2016  2 2 29    10      41   46   29 0.16         70       655 6 1
21802   2016  3 2 10    10      45   52   40 0.16              72   72 3 1
21802   2016  3 2 20    10      45   52   40 0.16              72   72 3 1
21802   2016  3 2 31    10      43   50   39 0.16              69   69 3 4
21802   2016  4 2 10    10      42   49   35 0.17              71   71 3 4
21802   2016  4 2 20    10      39   46   33 0.18              70   70 3 4
21802   2016  4 2 30    10      36   44   30 0.17              61   61 3 4
21802   2016  5 2 10    10      36   45   30 0.17              61   61 3 4
21802   2016  5 2 20     8      30   33   28 0.20              60   60 3 4
21802   2016  5 2 31     6      16   20   12 0.27              43   43 4 5
21802   2016 10 2 22    10      11   15    8 0.10              11   11 2 1
21802   2016 11 2 20    10      33   37   29 0.11              36   36 3 1
21802   2016 12 2 20    10      40   43   37 0.12              48   48 3 4
21802   2017  1 2 20    10      41   45   37 0.14              57   57 3 4
21802   2017  2 2 10    10      40   43   36 0.14              56   56 3 4
21802   2017  3 2 20    10      40   43   36 0.15              60   60 3 4
21802   2017  3 2 31    10      37   40   33 0.15              56   56 3 4
21802   2017  4 2 10    10      37   40   33 0.15              56   56 3 4
21802   2017  4 2 20    10      37   40   33 0.15              56   56 3 4
21802   2017  4 2 30    10      34   37   31 0.17              58   58 3 4
21802   2017  5 2 10    10      33   36   30 0.18              59   59 3 4
21802   2017  5 2 20    10      27   30   25 0.20              54   54 3 5
21802   2017  5 2 31    10      20   26   18 0.25              50   50 3 5
21802   2017  6 2  5     7      12   19      0.25              30   30 9 9
21802   2017 10 2 20    10      11   13    9 0.10              11   11 0 1
21802   2017 11 2 20    10      26   28   24 0.11              29   29 0 1
21802   2017 12 2 20    10      29   31   27 0.12              35   35 0 1
21802   2018  1 2 20    10      30   33   27 0.14              42   42 0 4
21802   2018  1 2 31    10      30   33   27 0.14              42   42 0 4
21802   2018  2 2 10    10      30   33   27 0.16              48   48 0 4
21802   2018  2 2 20    10      30   34   27 0.17              51   51 0 4
21802   2018  2 2 28    10      33   36   29 0.17              56   56 0 4
21802   2018  3 2 10    10      35   38   31 0.16              56   56 3 1
21802   2018  3 2 20    10      35   38   31 0.16              56   56 3 1
21802   2018  3 2 30    10      37   41   34 0.16              59   59 3 1
21802   2018  4 2 10    10      37   41   34 0.17              63   63 3 1
21802   2018  4 2 20    10  4   39   43   35 0.19   2          74   76 4 4
21802   2018  4 2 30    10      31   36   28 0.26              81   81 3 4
21802   2018  5 2 10    10      29   33   24 0.22              64   64 3 4
21802   2018  5 2 20    10      27   30   22 0.28              76   76 3 4
21802   2018  5 2 25     6       8   12      0.28              22   22 9 9
21802   2018 11 2 20    10      37   38   35 0.14              52   52 3 3
21802   2018 12 2 20    10      40   45   37 0.18              72   72 3 4
21802   2019  1 2 20    10      42   47   39 0.18              76   76 3 4
21802   2019  1 2 31    10      43   48   40 0.19              82   82 3 0
21802   2019  2 2 10    10      43   49   37 0.11              47   47 3 4
21802   2019  2 2 20    10      43   49   37 0.11              47   47 3 4
21802   2019  2 2 28    10      43   49   37 0.11              47   47 3 4
21802   2019  3 2 10    10      44   52   39 0.20              88   88 3 4
21802   2019  3 2 20    10      48   56   43 0.19              91   91 3 1
21802   2019  3 2 31    10      46   53   41 0.20              92   92 3 4
21802   2019  4 2 10    10      43   50   37 0.22              95   95 3 4
21802   2019  4 2 20    10      42   49   36 0.23              97   97 3 4
21802   2019  4 2 30    10      41   47   35 0.25             103  103 3 4
21802   2019  5 2 10    10      49   56   42 0.30             147  147 3 3
21802   2019  5 2 20    10      51   61   44 0.30             153  153 3 3
21802   2019  5 2 25    10      12   21    6 0.30              36   36 3 3
21802   2019 10 2 20    10      11   16    8 0.11              12   12 0 1
21802   2019 11 2 20    10      15   18   10 0.21              32   32 0 1
21802   2019 12 2 20    10      15   18   10 0.21              32   32 3 4
21802   2020  1 2 20    10      17   20   12 0.21              36   36 3 4
21802   2020  1 2 31    10      17   20   12 0.21              36   36 3 4
21802   2020  2 2 10    10      19   23   14 0.21              40   40 3 4
21802   2020  2 2 20    10      37   41   33 0.17              63   63 3 1
21802   2020  2 2 29    10      39   43   35 0.17              66   66 3 4
21802   2020  3 2 10    10      39   43   35 0.17              66   66 3 4
21802   2020  3 2 20    10      49   54   43 0.16              78   78 3 4
21802   2020  3 2 31    10      49   54   43 0.16              78   78 3 4
21802   2020  4 2 10    10 10   46   50   38 0.17   3          78   80 3 7
21802   2020  4 2 20    10 10   46   50   38 0.17   3          78   80 3 7
21802   2020  4 2 30    10 10   40   46   32 0.18   3          72   74 3 7
21802   2020  5 2  5    10 10   40   46   32 0.16   2          64   66 3 7
21802   2020  5 2 10    10  6   43   49   33 0.17   3          73   75 3 4
21802   2020  5 2 15    10      13   22    7 0.20       2  1   20   46 9 9
21802   2020  5 2 20     6      11   19      0.20       2  1   16   42 9 9
21802   2020 10 2 20    10      12   14   10 0.11              13   13 0 1
21802   2020 11 2 20    10      37   38   35 0.08              30   30 3 4
21802   2020 12 2 20    10      38   39   36 0.13              49   49 3 4
21802   2021  1 2 20    10      74   79   67 0.14                      3 4
21802   2021  1 2 31    10      75   80   67 0.15                      3 4
21802   2021  2 2 10    10      78   84   70 0.16             125  125 3 4
21802   2021  2 2 20    10      79   85   71 0.16             126  126 3 4
21802   2021  2 2 28    10      79   85   71 0.16             126  126 3 4
21802   2021  3 2 10    10      79   85   71 0.16             126  126 3 4
21802   2021  3 2 20    10      79   86   72 0.17             134  134 3 4
21802   2021  3 2 31    10      79   86   72 0.17             134  134 3 4
21802   2021  4 2 10    10      79   86   72 0.17             134  134 3 4
21802   2021  4 2 20    10      68   74   59 0.17             116  116 3 4
21802   2021  4 2 30    10      36   52   21 0.29             104  104 3 5
21802   2021  5 2  5    10 10   29   45   15 0.30   2          87   89 3 7
21802   2021  5 2 10    10 10   28   43   13 0.30   2          84   86 3 7
21802   2021  5 2 15    10      25   40   10 0.36              90   90 3 1
21802   2021  5 2 20    10      27   42   12 0.35              95   95 3 4
21802   2021 10 2 20    10      17   21   12 0.07              12   12 0 1
21802   2021 11 2 20    10      20   23   17 0.09              18   18 2 3
21802   2021 12 2 20    10      22   25   19 0.10              22   22 2 0
21802   2022  1 2 20    10      24   29   21 0.10              24   24 2 0
21802   2022  1 2 31    10      33   37   30 0.11              36   36 4 2
21802   2022  2 2 10    10      36   39   32 0.12              43   43 2 4
21802   2022  2 2 20    10      36   39   32 0.12              43   43 2 4
21802   2022  2 2 28    10      38   41   35 0.12              46   46 2 4
21802   2022  3 2 10    10      38   41   35 0.11                      2 4
21802   2022  3 2 20    10      40   45   38 0.11                      2 4
21802   2022  3 2 31    10      42   47   40 0.11                      4 2
21802   2022  4 2 10    10      43   48   41 0.11              47   47 2 4
21802   2022  4 2 20    10      47   54   44 0.11              52   52 2 4
21802   2022  4 2 30    10      47   54   44 0.11              52   52 2 4
21802   2022  5 2 10    10      44   49   42 0.11              48   48 2 4
21802   2022  5 2 20    10      27   42   12 0.35              95   95 3 4
21802   2022  5 2 25     8      17   21   12 0.38              65   65 0 5
21802   2022 10 2 20    10      11   13    9 0.08               9    9 0 4
21802   2022 11 2 20    10      12   14   10 0.08              10   10 0 4
21802   2022 12 2 20    10      37   49   21 0.10              37   37 3 4
21802   2023  1 2 20    10      65   83   52 0.11              72   72 3 4
21802   2023  1 2 31    10      65   83   52 0.11              72   72 3 4
21802   2023  2 2 10    10      65   83   52 0.11              72   72 3 4
21802   2023  2 2 20    10      68   88   55 0.11              75   75 3 4
21802   2023  2 2 28    10      71   92   57 0.12                      6 7
21802   2023  3 2 10    10      71   92   57 0.12                      6 7
21802   2023  3 2 20    10      85   93   69 0.20                      3 4
21802   2023  3 2 31    10      87   94   73 0.20                      3 4
21802   2023  4 2 10    10  6   87   94   73 0.20  26         168  189 3 4
21802   2023  4 2 20    10  6   87   94   73 0.20  26         168  189 3 4
21802   2023  4 2 25    10  6   87   94   73 0.20  26         168  189 3 4
21802   2023  4 2 30    10  6   86   93   71 0.21  26         174  195 3 4
21802   2023  5 2  5    10  6   87   95   73 0.22  26         185  206 4 3
21802   2023  5 2 10    10  6   88   96   74 0.22  26         187  208 4 3
21802   2023  5 2 15    10  6   89   97   75 0.23  26         198  219 4 3
21802   2023  5 2 20    10  6   89   97   75 0.23  26         198  219 4 3
21802   2023  5 2 25    10      43   55   31 0.44             189  189 2 2
21802   2023 10 2 10    10      23   28   17 0.03               7    7 0 7
21802   2023 11 2 20    10      37   41   33 0.09              33   33 0 4
21802   2023 12 2 20    10      65   83   52 0.11              72   72 3 4
21802   2024  1 2 20    10      67   85   53 0.11                      3 4
21802   2024  1 2 31    10      67   85   53 0.11                      3 4
21802   2024  2 2 10    10      68   87   54 0.12              82   82 3 4
21802   2024  2 2 20    10      69   89   55 0.12              83   83 3 4
21802   2024  2 2 29    10      69   89   55 0.12              83   83 3 4
21802   2024  3 2 10    10      69   89   55 0.12              83   83 3 4
21802   2024  3 2 20    10      69   89   55 0.12              83   83 3 4
21802   2024  3 2 31    10      69   89   55 0.12              83   83 3 4
21802   2024  4 2 10    10      71   92   57 0.12              85   85 3 4
21802   2024  4 2 20    10      72   93   58 0.13              94   94 3 4
21802   2024  4 2 25    10  7   69   88   54 0.14   6          95  100 3 7
21802   2024  4 2 30    10  7   69   88   54 0.14   6          95  100 3 7
21802   2024  5 2  5    10  7   65   85   50 0.15   6                  3 7
21802   2024  5 2 10    10  7   59   78   44 0.16   6                  3 7
21802   2024  5 2 15    10  7   59   78   44 0.16   6                  3 7
21802   2024  5 2 20    10  7   59   78   44 0.16   6                  3 7
21802   2024  5 2 25    10      16   24    9 0.35              56   56 9 9
